33,107
0,527
35,12
0,526
33,106
33,105
35,11
0,525
0,524
0,523
0,522
0,521
35,10
35,9
35,8
33,104
33,103
33,102
0,520
0,243
29,2
28,2
27,2
33,101
33,100
33,99
0,519
0,518
0,517
0,516
31,4
0,515
0,514
0,513
0,512
0,511
0,510
0,509
0,508
25,2
0,507
0,506
24,5
24,6
33,98
0,505
33,97
33,96
0,504
0,474
33,95
33,94
33,93
33,92
33,91
33,90
33,89
33,88
33,87
33,86
33,85
36,36
26,4
26,1
26,3
29,4
27,4
33,84
30,4
30,1
30,3
28,4
29,1
29,3
25,5
31,5
31,1
31,3
36,35
28,5
27,5
28,1
28,3
27,1
27,3
25,4
25,1
25,3
24,4
24,1
24,3
3,2
3,1
3,3
10,130
10,35
10,233
10,241
10,230
10,189
10,254
10,1
10,161
10,2
10,3
11,5
11,6
11,11
11,16
11,27
11,1
11,22
11,2
11,3
9,5
9,1
9,7
9,2
9,3
8,14
8,8
8,13
8,1
8,5
8,2
8,3
12,2
12,1
12,3
20,2
20,1
20,3
19,2
